0000011011111X1001100X0001X1001100X0
43805 6934
57564 3741
28260 67554
16151 813
3058 873646
51717 270314

1001X1X011110XX111100001100111001110
16252 730
28701 63670997
28652 9219200
64761 488985928

0X01X10X1XX1010111100100100111101001
2833 52082550
59636 6574572
26957 62766

00X0XX101X111X1001011111000101000101
54455 839691
65381 2671752
8488 4031472
5618 549
41399 5232
62807 201160
63847 201082

X000X10011X1X100011X0001000010000110
47360 44151287
46338 79342985
6868 11520126
27037 20408
25014 758862851

100001X01111110X0X110001X0101010010X
21679 5106103
12306 690264

0000011111X1XX1X0XX10000011000000110
19803 179348214
19095 125150056
34147 1407927
41272 5775647

X00X01001X0111X101110X0001X110000XXX
53665 290143
20519 265
44017 834
41856 435
43805 2264115

1X0X0111111X1X010110X10000011X1XX101
52128 1029842
27168 222084

10011100111111X100110X0XX11111011100
62082 9135
14654 3686
25450 1593529
1497 5749950
30570 5450
2144 106125340
1099 9136

1000110XX00X10110111X0X00011X0XX0000
14922 97221103
26301 11154
47381 94170015
31162 36266349
24087 2020

1100111111X0XX0X00110000110001010000
45973 3120
38175 307
58216 332810821
14799 3922
29584 14393700
51240 61932467

00010X1X10011110X110X101X00001010X11
58448 26283204
16738 466633
6096 369
6987 4902006

110011XX101111110111X000001XX01101XX
2710 34047107
63146 116986332

0001110011110101111X1X001X011X0101X1
6096 5336
9192 44289
26857 13
54135 1490304
17220 3623
1210 50969

00011X0011X111011X00000100X1X100X111
31556 293748
21644 60471
31567 972370
32315 104177
6429 10486
25892 62384267

000001001111010110X01000XX01100110X0
51519 214
55256 1197991
65279 178690564
3173 1554206
10263 1704
55736 217069

X0011100X111X1011XX00000X011110X0101
52317 3581460
22238 92255
6688 29033188
7311 1092
1099 379272
5143 9437126

X0XX01111111111001X10X00110011101010
23050 9416
34100 821285
62807 1156515

1001110010X11X111X11011001001X1111X1
50851 1266
23545 177017
12266 483

0011X01001010X00101X000011X001110000
11872 12823
1831 38511
25974 553433
49217 1793537
37800 372

10001101X0XX1011011101011XXX00000001
34122 466038899
775 32552509
32422 25983159
46550 4296

1000X100111111XX01X1001X101010100110
31650 10524288
6322 140581
10638 3290724
35709 137485
20467 175698926

1X100011X011X111X11X1001X10010X11X10
62710 140559632
26295 506581898
23934 2027
1770 1402
59755 3234994
27304 923348

0000010X11111X00011010100X110010X111
6824 46336422
56833 41706
45316 1198
39426 48436

100001001101X1X00111XXXX01X0100XX000
58691 16515016
11879 1449419
22694 1761
4517 6645515
25556 3758
6868 28390000
32545 304290

X00001X01XX111XX011101010X0X101X0110
49156 266240397
4497 84363
29232 126554202
12306 155188
48047 22264

X10X110111100X0X011XX0111111XX10001X
31701 73338
31978 1151135
7483 479508851
36135 3964640
45859 62507
62676 99387068

0100X11110101XX1011010001X000X111100
44119 222861
16458 1512948
45791 21526597
19808 2902702
6868 2678
21659 112735

X1001XX11110X1010X11X01101111XX0X101
30512 802102210
27203 3779646
16581 238152
16257 5959659
39296 63813
16174 87595
10104 1072

0000011XX1X1X1X0X11X001X000110000010
28838 5264
42509 111014106
24905 521203049
9718 15454
16951 22743

100X0101X1110101X0X0X0010101110100X1
7483 40730
9639 13929656
25817 2819
16257 274898612
55439 598143974

110011111110X11101X0000X1010X110000X
37397 3714
54979 794
1014 3463104
50612 194522027
4969 337504357
53665 766941

1X00X111111X1111011110001X11100011XX
24546 1830044
57219 94920
31992 29180
34078 227189
59660 111830573
58661 248870
15971 175220352

00000XX0X11X01000XX00111000X0000X010
1571 215979
14641 30916273
14751 102869423
19244 8960072

0X100X1001X10001101X0X00X0X0XX010100
21724 288136
28198 22553074
57765 2310045

0101X1X1111000X0011X1010111000100110
10510 8313
5922 72921
64407 1556
25450 1777041
28796 2327
59755 21569957
60972 2783427

100011X1100110110X1101011X100X010111
40715 959356
63146 122011
19713 1825336
45607 218

100111001XX11X11101101XX1X110101X0X1
12007 98
26115 141260
54804 1053489
13804 14284
61114 912

00X0001X01X10X0110X0010101000X0010XX
17557 140533204
26033 2041132

10X111010X1X11X0001101X10X1000111X01
38981 1634
18192 56914
59630 563

1X0X110111110X01101X00011101X1001101
41221 497
56726 8181081
1971 188296

100X11001111111X0X110X00101011010100
21216 381876688
34122 2467929
2144 96144
54135 13354
53720 150
32315 54538146

0000X10X11111100011010010XXX0010X000
18215 31721
32721 9183703
19864 62401757
35244 775737
41775 8351542

110X01X011X1111011XXX00011X000X11011
17028 8956
6912 1617661
15337 11644529
43968 14512
8379 45870175
27993 549587

00X00XX0010100001010010X0110010000X0
14444 53809059
12350 50956019
26924 27242111
15497 25477955
11723 28495396
22036 6534

11XX1101X1X00000011110111X110111011X
23534 1008959
52268 340236
35387 1963826
51744 1389733
37913 626
50832 950206044

1000X1XX110111X00X110XXX010111011X10
1361 63857600
52318 239923379
28591 568
40351 27729
19237 603
38475 59358178

110001111X1111X1011X000010X0X00101X1
1940 44417
56833 11059
60379 5011
9192 59823
29224 357704
8154 13209

1100100XX1100X01X1X10011011110001000
4930 145441
25421 12045
44108 46104

1X00X1001111X110X11X1011001X01100X10
22768 3060
4912 261459309
30948 398446577
56062 104

X00XXX0XX11101011X1001000X0110X11111
51488 749
56696 3357828
14571 9057
5703 88

1XX00111XX111111011X10X0101X101X1X11
22686 13095
59326 3001957
63953 71522183
35214 3703802
48938 11233495

00X000X1X1X11111X110010X000X10100011
41999 936
58058 261362
54367 2216
61978 70816

X10X11X1111001000X1X00X011010X0XX110
45798 3907
6617 15512
56811 708

X0100X11X1111X11011011X1X0011X101X0X
58419 3631
27483 38986315
59244 398710
23764 14373
14069 12712994
40576 40270

1000110000X11X11011100111X1110000X00
57219 11562875
41221 13920777
36717 3819625

1X00X1001X11111X011100XX10100X1100X0
56785 134175
8778 254917
12948 510951
128 860
11157 676314432

00000X1X1X1110X00110010X001011001011
9240 1401
32110 1104
30506 88753652
6582 2187931
12627 139691

10XX0111X0111111011010001010100X1100
13077 3934
50479 610
33713 72792134
24686 1299
33343 336598

X00XX10010111110XX00001011X0XX0110X0
65214 6485641
7967 15431108
54018 1706606

1X0011X0111111X001110011X00X1111000X
52561 13472068
56018 18723453
42466 85170787
37684 1550
8720 738919690

100111001X1111XXX01X000X10101101X1XX
53713 1151
50072 42179504
7557 536670970
53473 62
30512 1563
61203 123868045
12947 280992

X00X0X1010011110011X11000000X01X00X0
53713 178290029
36998 5983099
47628 5173

X000010101110101001000X1X10101000X00
46136 244458655
52984 4858009
22937 6676
23388 375417
64350 969

000000X10X1101011010010X00001000X11X
5143 27026
51643 38589
59365 1607
58054 1872

100111X0101X1110X0100X11111X10010X00
40606 3049691
12350 14661
35882 61044
14176 38552
2496 450375
46933 44633552

X1X00X110XX1111101101001011000X0101X
43177 822529775
28838 223
10298 849778
43038 105444375
42666 5936816

X001110010111110101X0X0011XX10001100
2328 76985
3801 1771180
19235 134961
53720 97593730

1001110011X10XX1111010XX0X01X0111000
16129 1224773
18934 47178
17977 341
18583 2852768

0000XX101111101X0101010X0X0X1000010X
50612 862
21286 41878
31874 10360641
65381 195095
61682 9060
32198 7428006
32240 49912129

001X00100101000X101X00X000XXX101X10X
699 21649437
58127 1606
49337 31439847
3618 8032
29699 125520
29732 46761

1000010X11X111000XX10101X1X01X100X10
31281 12657
44108 130509615
19496 60937467
56486 3157958
35746 27492

1001XX01X111X1X0001X00X1011X00110001
30357 47012
18233 12393
1099 27135

X1000X111010X1X10110X000X0000011011X
50296 1603392
35873 35369472
17028 200141095
49219 16711
35720 9247398
19911 144739658
7886 9679

0010001X0111101101X01X0X010100X110X0
19896 217854
57355 922353
33713 141968390
41095 3604
12007 579276

000001X011111XXX011XX0010101X00XX010
63211 223085398
49337 262164785
48047 1784038
50214 121056
16951 6863479
48471 5459

1000011010011X0X01X1000X0100101XX110
8379 75563320
48049 2046786
51605 95555128
20519 3218
54018 298192086
52374 3157399

1X1000110X1111110110100X0100XX1X110X
35163 119779
23965 261934
26814 4046757
56811 47723376
26957 4810

1X001100X011101X0X111010011010X0X111
37397 896
33586 151022681
51899 249489

1000X00XX1X1111011110000110011101011
59834 3647285
9353 3923071

0000011111X110110X1X010X0110X0X00110
42000 4165519
33425 36
1188 3503480
3603 532
4150 9701863
6458 11777
16174 55920277

01100XXX011100011011011X10101X1X0101
14799 1948676
45433 3277
43873 258105154
26588 467687
36891 44643

001X001X010100011011000X000X1000X100
53654 21544645
48482 255962506
39155 6486
5144 1463
1571 184289
32545 3427

1X0X0100101XX111011X0X1010100110010X
12534 19727
7245 989
54979 56838

X00111X010XX111000XX0011X01010010100
47330 3421396
48131 29616230
6868 29690
61114 167498
13174 266314582
46758 778753
6688 176052

1101X1011110000XXXX100X000100010001X
16129 15847806
56016 66002919

1000110010111111XX1X0010101X1X0X0110
54135 10002
1555 16539906
10358 3453

1000110010X11X1101111X100010101000X1
11157 279881
53713 9651034
36785 310702
34588 5487
12063 14550145
23545 4041181
51935 745

100001XX11011100X0111101101X01000X0X
8098 368361606
34147 2461575
59550 200895
11123 3128
47604 40815968

1100X1111X1X11X1011X00001X1110X0010X
52561 78059370
433 1907
35230 3585
12964 1879

000X01111101X011X0111011011000X1001X
35870 75432030
28796 5745
53430 17634037
62177 592

1X0001X1X1XX11X001X1X00111X011100010
40863 65853640
20522 209364300

1X000X0011XX1110XX110X00110X10101011
2158 24116032
22745 1609694
26857 3024935
30768 1210739
59961 4345089

1001110XX111110X0011010X01X100101XX1
1555 39088167
11559 1142755
15057 1645973
36549 7583615
44440 969
50670 5038261

110010011110010100X10X0XX110X0100001
35244 16194790
58608 62816
27803 13303703
9172 1355842
26644 1340
49396 1051
12058 27414753

10XX1100111111100111000010XX00100010
35746 6513
2226 1202233
50790 54270
8778 199450327

000001XX1111X011X1X101010X1X101X010X
31992 8657
646 45280
57264 585

1000110000X0101XX11100110010X0000101
6912 78358309
43538 229

101X00110X111111X1X0101X1100X1X01X0X
30357 438097061
16494 52142984
7423 171318353
4516 1114353
37939 3836
